10154
10021
10010
10014
10032
10119
10036
10019
10011
10165
10022
10001
10009
10012
10002
11205
10020
10167
10006
10028
10024
10128
10018
10174
10065
10003
10168
11211
10023
10025
11220
10026
11430
11218
10173
10038
10278
10013
11371
10282
11222
10007
10016
07114
10034
10029
11217
11369
11237
11212
10075
11102
11231
10170
10280
10111
10017
10462
11206
11221
11201
11374
11101
11238
10451
10112
10044
10199
10069
11104
10004
11106
11377
11216
10031
11213
11226
10115
10463
11435
11370
11691
10030
10035
11418
11357
10453
10037
10027
11233
11215
11354
11356
10103
11105
10461
11378
11368
